.vessel File Format:

BAYS CRANE_MIN_DIST
MOVE_TIME_1 MOVE_TIME_2 ... MOVE_TIME_(BAYS-1)
TEUS_1 TEUS_2 TEUS_3 ... TEIS_BAYS
NUMBER_OF_CRANES
TEU_PER_H INIT_POS /* CRANE 1 */
TEU_PER_H INIT_POS /* CRANE 2 */
...
TEU_PER_H INIT_POS /* CRANE NUMBER_OF_CRANES */


Sample Vessel File:

74 8
0.003 0.003 0.003 0.003 0.003 0.003 0.003 0.003 0.003 0.003 0.003 0.003 0.003 0.003 0.003 0.003 0.003 0.003 0.003 0.003 0.003 0.003 0.003 0.003 0.003 0.003 0.003 0.003 0.003 0.003 0.003 0.003 0.003 0.003 0.003 0.003 0.003 0.003 0.003 0.003 0.003 0.003 0.003 0.003 0.003 0.003 0.003 0.003 0.003 0.003 0.003 0.003 0.003 0.003 0.003 0.003 0.003 0.003 0.003 0.003 0.003 0.003 0.003 0.003 0.003 0.003 0.003 0.003 0.003 0.003 0.003 0.003 0.003
0 24 0 0 0 121 0 0 0 47 0 0 0 18 0 0 0 156 0 0 0 94 0 0 0 0 0 0 0 0 0 0 0 104 0 0 0 0 0 0 0 8 0 0 0 75 0 0 0 67 0 0 0 85 0 0 0 0 0 0 0 117 0 0 0 155 0 0 0 90 0 0 0 22
5
40 66
38 54
36 18
30 10
32 2
